"year","type","movieNum"
"0","
28044","1"
"0","15/12/2004","1"
"0","3-6 Years","7"
"0","7-9 Years","3"
"0","84","1"
"0","A&E Home Video","6"
"0","Accessories","2"
"0","Action","524"
"0","Adventure","149"
"0","amazon.com/dp/B0002I5QVS","1"
"0","and Culture","145"
"0","Animation","136"
"0","Anime","22"
"0","Art House & International","1478"
"0","Arthouse","318"
"0","Arts","145"
"0","B0002I5QVS","1"
"0","BBC","28"
"0","Best Friend Forgotten ","1"
"0","Blu-ray","121"
"0","Boys","1"
"0","Characters & Series","20"
"0","Chris Hyde""","2"
"0","Christian Movies & TV","2"
"0","Christian Video","33"
"0","Classical","1"
"0","Classics","4"
"0","Comedy","915"
"0","Craig Smith""","1"
"0","Cult Movies","39"
"0","Digital VHS","1"
"0","Discovery Channel","1"
"0","Disney Home Video","17"
"0","Documentary","528"
"0","Drama","1181"
"0","Drawing & Art Supplies","1"
"0","Duchovny","1"
"0","Dwayne McDuffie""","1"
"0","Entertainment","145"
"0","Faith and Spirituality","7"
"0","Fantasy","74"
"0","Felice Laudadio","1"
"0","Foot","1"
"0","Fully Loaded DVDs","89"
"0","FX","1"
"0","Games & Accessories","1"
"0","Gary Oldman""","1"
"0","Genre for Featured Categories","16591"
"0","George Sluizer","1"
"0","Georges Montforez","1"
"0","Hand & Nail Care","1"
"0","HBO","8"
"0","Health Care","1"
"0","Historical","8"
"0","History Channel","2"
"0","Horror","808"
"0","Independently Distributed","18"
"0","Indie & Alternative","25"
"0","Indie & Art House","32"
"0","International","216"
"0","Jacqui Manning-Albert","1"
"0","James Bond","13"
"0","Jane Austen on DVD Store","7"
"0","Jean Rollin""","1"
"0","Jean-Jacques Beineix","1"
"0","Jean-Luc Godard""","2"
"0","Jeffrey Eugenides","1"
"0","Jir閾?Brdecka","1"
"0","John McGrath","1"
"0","John Wayne Store","74"
"0","Kids","186"
"0","LGBTQ","95"
"0","Made-for-TV Movies","2"
"0","MGM Home Entertainment","58"
"0","Michele Massimo Tarantini""","1"
"0","Miguel Zacar閾哸s","1"
"0","Military and War","36"
"0","MOD CreateSpace Video","1"
"0","Monty Python Store","6"
"0","Movies","2156"
"0","Musicals & Performing Arts","291"
"0","None","16"
"0","Novelty & More","1"
"0","Office & School Supplies","2"
"0","Painting","1"
"0","Paramount Home Entertainment","36"
"0","PC","1"
"0","Power & Hand Tools","1"
"0","Romance","26"
"0","Sci-Fi Series & Sequels","25"
"0","Science Fiction","225"
"0","Science Fiction & Fantasy","675"
"0","Shakespeare on DVD Store","30"
"0","Showtime","2"
"0","Sports","4"
"0","Steven Rogers""","1"
"0","Studio Specials","672"
"0","Suspense","483"
"0","Terminator","5"
"0","The Twilight Zone","21"
"0","Thomas Harris""","2"
"0","Tools & Accessories","1"
"0","Tweens","1"
"0","Walt Disney Studios Home Entertainment","54"
"0","Western","69"
"0","Yoga","1"
"0","Young Adult Audience","41"
"4","106","2"
"9","9","1"
"1905","Animation","1"
"1905","Anime","1"
"1913","Arthouse","2"
"1913","Drama","3"
"1914","Adventure","2"
"1914","Arthouse","1"
"1914","Comedy","1"
"1914","Drama","1"
"1914","Fantasy","1"
"1915","Drama","2"
"1916","Action","2"
"1916","Arthouse","1"
"1916","Drama","1"
"1916","Historical","1"
"1918","Arthouse","4"
"1918","Drama","4"
"1918","International","2"
"1919","Arthouse","4"
"1919","Comedy","2"
"1919","Drama","4"
"1919","International","2"
"1919","Science Fiction","2"
"1920","Arthouse","2"
"1920","Comedy","4"
"1920","Drama","2"
"1920","Horror","1"
"1920","International","2"
"1921","Adventure","2"
"1921","Arthouse","1"
"1921","Drama","2"
"1921","Historical","1"
"1921","International","1"
"1922","Action","2"
"1922","Adventure","2"
"1922","Arthouse","3"
"1922","Documentary","2"
"1922","Drama","5"
"1922","Science Fiction","1"
"1922","Western","2"
"1923","Classics","1"
"1923","Comedy","1"
"1923","Drama","3"
"1923","Horror","1"
"1924","Action","2"
"1924","Adventure","3"
"1924","Arthouse","4"
"1924","Comedy","2"
"1924","Drama","2"
"1924","Fantasy","2"
"1924","Horror","2"
"1924","International","2"
"1924","Suspense","2"
"1925","Action","6"
"1925","Adventure","3"
"1925","Comedy","1"
"1925","Drama","8"
"1925","Fantasy","1"
"1925","Horror","3"
"1925","Kids","1"
"1925","Romance","2"
"1925","Science Fiction","2"
"1926","Drama","2"
"1927","and Culture","1"
"1927","Arthouse","2"
"1927","Arts","1"
"1927","Comedy","4"
"1927","Drama","8"
"1927","Entertainment","1"
"1927","Science Fiction","1"
"1927","Suspense","2"
"1928","Arthouse","4"
"1928","Comedy","2"
"1928","Drama","9"
"1929","Action","6"
"1929","Adventure","4"
"1929","and Culture","2"
"1929","Arthouse","4"
"1929","Arts","2"
"1929","Drama","8"
"1929","Entertainment","2"
"1929","Horror","2"
"1929","International","2"
"1929","Military and War","2"
"1929","Romance","2"
"1929","Suspense","2"
"1930","Action","3"
"1930","Adventure","2"
"1930","and Culture","4"
"1930","Arthouse","6"
"1930","Arts","4"
"1930","Comedy","5"
"1930","Drama","17"
"1930","Entertainment","4"
"1930","Kids","2"
"1930","Military and War","2"
"1930","Science Fiction","2"
"1930","Suspense","7"
"1931","Action","3"
"1931","Adventure","2"
"1931","Comedy","6"
"1931","Drama","23"
"1931","Horror","4"
"1931","John Wayne Store","1"
"1931","Kids","2"
"1931","Military and War","2"
"1931","Romance","1"
"1931","Suspense","8"
"1931","Western","2"
"1932","Action","4"
"1932","Adventure","4"
"1932","Comedy","7"
"1932","Drama","21"
"1932","Fantasy","2"
"1932","Genre for Featured Categories","2"
"1932","Horror","13"
"1932","Military and War","2"
"1932","Romance","1"
"1932","Science Fiction","2"
"1932","Suspense","17"
"1932","Western","2"
"1933","Action","6"
"1933","Adventure","7"
"1933","and Culture","5"
"1933","Arts","5"
"1933","Comedy","13"
"1933","Drama","13"
"1933","Entertainment","5"
"1933","Fantasy","2"
"1933","Genre for Featured Categories","1"
"1933","Horror","5"
"1933","Independently Distributed","1"
"1933","Kids","4"
"1933","Military and War","1"
"1933","Suspense","3"
"1933","Western","4"
"1934","Action","6"
"1934","Adventure","1"
"1934","and Culture","3"
"1934","Arts","3"
"1934","Comedy","15"
"1934","Drama","29"
"1934","Entertainment","3"
"1934","Fantasy","2"
"1934","Horror","3"
"1934","Independently Distributed","5"
"1934","Military and War","2"
"1934","Romance","3"
"1934","Suspense","8"
"1934","Western","12"
"1935","Action","14"
"1935","Adventure","8"
"1935","and Culture","9"
"1935","Arts","9"
"1935","Comedy","20"
"1935","Drama","23"
"1935","Entertainment","9"
"1935","Genre for Featured Categories","1"
"1935","Horror","4"
"1935","Independently Distributed","8"
"1935","Kids","2"
"1935","Romance","5"
"1935","Science Fiction","1"
"1935","Suspense","4"
"1935","Western","20"
"1936","Action","13"
"1936","Adventure","4"
"1936","and Culture","17"
"1936","Arthouse","2"
"1936","Arts","17"
"1936","Comedy","27"
"1936","Drama","29"
"1936","Entertainment","17"
"1936","Horror","2"
"1936","Independently Distributed","1"
"1936","International","2"
"1936","Kids","5"
"1936","Military and War","4"
"1936","Romance","10"
"1936","Science Fiction","3"
"1936","Suspense","15"
"1936","Western","12"
"1937","Action","14"
"1937","Adventure","5"
"1937","and Culture","16"
"1937","Animation","1"
"1937","Arts","16"
"1937","Comedy","26"
"1937","Drama","27"
"1937","Entertainment","16"
"1937","Genre for Featured Categories","3"
"1937","Independently Distributed","5"
"1937","Kids","6"
"1937","Military and War","2"
"1937","Romance","2"
"1937","Science Fiction","4"
"1937","Sports","2"
"1937","Studio Specials","1"
"1937","Suspense","4"
"1937","Western","14"
"1938","Action","4"
"1938","Adventure","4"
"1938","and Culture","2"
"1938","Arts","2"
"1938","Comedy","15"
"1938","Documentary","4"
"1938","Drama","26"
"1938","Entertainment","2"
"1938","International","2"
"1938","Romance","5"
"1938","Suspense","7"
"1938","Western","6"
"1939","Action","15"
"1939","Adventure","11"
"1939","and Culture","9"
"1939","Animation","2"
"1939","Arts","9"
"1939","Comedy","26"
"1939","Documentary","1"
"1939","Drama","32"
"1939","Entertainment","9"
"1939","Genre for Featured Categories","1"
"1939","Horror","3"
"1939","Independently Distributed","1"
"1939","Kids","5"
"1939","Military and War","8"
"1939","Musicals & Performing Arts","1"
"1939","Romance","4"
"1939","Science Fiction","4"
"1939","Studio Specials","1"
"1939","Suspense","20"
"1939","Western","17"
"1940","3-6 Years","1"
"1940","Action","7"
"1940","Adventure","5"
"1940","and Culture","8"
"1940","Arthouse","4"
"1940","Arts","8"
"1940","Comedy","19"
"1940","Documentary","2"
"1940","Drama","35"
"1940","Entertainment","8"
"1940","Genre for Featured Categories","1"
"1940","Horror","2"
"1940","Independently Distributed","2"
"1940","International","4"
"1940","Military and War","1"
"1940","Romance","4"
"1940","Science Fiction","3"
"1940","Suspense","13"
"1940","Western","15"
"1941","Action","9"
"1941","Adventure","5"
"1941","and Culture","7"
"1941","Animation","2"
"1941","Arts","7"
"1941","Comedy","42"
"1941","Documentary","1"
"1941","Drama","29"
"1941","Entertainment","7"
"1941","Fantasy","3"
"1941","Horror","7"
"1941","Independently Distributed","1"
"1941","Kids","6"
"1941","Romance","5"
"1941","Suspense","13"
"1941","Western","14"
"1942","Action","8"
"1942","Adventure","7"
"1942","and Culture","9"
"1942","Arts","9"
"1942","Comedy","14"
"1942","Documentary","2"
"1942","Drama","18"
"1942","Entertainment","9"
"1942","Fantasy","4"
"1942","Genre for Featured Categories","1"
"1942","Horror","8"
"1942","Independently Distributed","2"
"1942","Military and War","6"
"1942","Romance","4"
"1942","Sports","1"
"1942","Suspense","16"
"1942","Western","18"
"1943","Action","17"
"1943","Adventure","11"
"1943","and Culture","11"
"1943","Arts","11"
"1943","Comedy","18"
"1943","Drama","32"
"1943","Entertainment","11"
"1943","Fantasy","4"
"1943","Horror","10"
"1943","Independently Distributed","1"
"1943","Kids","6"
"1943","Military and War","13"
"1943","None","2"
"1943","Romance","1"
"1943","Science Fiction","2"
"1943","Suspense","10"
"1943","Western","8"
"1944","Action","9"
"1944","Adventure","2"
"1944","and Culture","9"
"1944","Arts","9"
"1944","Comedy","6"
"1944","Drama","36"
"1944","Entertainment","9"
"1944","Fantasy","2"
"1944","Genre for Featured Categories","1"
"1944","Historical","4"
"1944","Horror","3"
"1944","Independently Distributed","2"
"1944","Kids","6"
"1944","Military and War","5"
"1944","Suspense","15"
"1944","Western","13"
"1945","Action","9"
"1945","Adventure","4"
"1945","and Culture","5"
"1945","Animation","1"
"1945","Arts","5"
"1945","Comedy","12"
"1945","Documentary","1"
"1945","Drama","20"
"1945","Entertainment","5"
"1945","Fantasy","1"
"1945","Genre for Featured Categories","2"
"1945","Horror","7"
"1945","Independently Distributed","1"
"1945","Military and War","6"
"1945","Romance","3"
"1945","Science Fiction","1"
"1945","Suspense","19"
"1945","Western","4"
"1946","Action","6"
"1946","Adventure","2"
"1946","and Culture","11"
"1946","Arts","11"
"1946","Comedy","6"
"1946","Drama","42"
"1946","Entertainment","11"
"1946","Fantasy","2"
"1946","Genre for Featured Categories","2"
"1946","Independently Distributed","2"
"1946","Kids","3"
"1946","Musicals & Performing Arts","1"
"1946","Romance","1"
"1946","Suspense","20"
"1946","Western","18"
"1947","Action","4"
"1947","Adventure","3"
"1947","and Culture","13"
"1947","Arts","13"
"1947","Comedy","11"
"1947","Drama","25"
"1947","Entertainment","13"
"1947","Fantasy","2"
"1947","Independently Distributed","3"
"1947","John Wayne Store","1"
"1947","Kids","2"
"1947","Romance","4"
"1947","Suspense","11"
"1947","Western","8"
"1948","Action","14"
"1948","Adventure","11"
"1948","and Culture","6"
"1948","Arts","6"
"1948","Comedy","14"
"1948","Drama","24"
"1948","Entertainment","6"
"1948","Horror","1"
"1948","Kids","1"
"1948","Romance","5"
"1948","Suspense","5"
"1948","Western","12"
"1949","Action","11"
"1949","Adventure","2"
"1949","and Culture","8"
"1949","Arts","8"
"1949","Comedy","16"
"1949","Drama","43"
"1949","Entertainment","8"
"1949","Genre for Featured Categories","1"
"1949","Kids","4"
"1949","Military and War","2"
"1949","Romance","4"
"1949","Science Fiction","2"
"1949","Studio Specials","1"
"1949","Suspense","5"
"1949","Western","3"
"1950","Action","9"
"1950","Adventure","9"
"1950","and Culture","7"
"1950","Arts","7"
"1950","Comedy","26"
"1950","Drama","42"
"1950","Entertainment","7"
"1950","Fantasy","1"
"1950","Historical","1"
"1950","Kids","8"
"1950","Military and War","2"
"1950","Romance","4"
"1950","Science Fiction","2"
"1950","Suspense","12"
"1950","Western","18"
"1951","Action","10"
"1951","Adventure","10"
"1951","and Culture","12"
"1951","Arts","12"
"1951","Comedy","22"
"1951","Documentary","2"
"1951","Drama","48"
"1951","Entertainment","12"
"1951","Genre for Featured Categories","1"
"1951","Horror","2"
"1951","Musicals & Performing Arts","1"
"1951","Romance","11"
"1951","Science Fiction","8"
"1951","Suspense","5"
"1951","Western","8"
"1952","Action","18"
"1952","Adventure","13"
"1952","and Culture","9"
"1952","Arts","9"
"1952","Comedy","24"
"1952","Drama","24"
"1952","Entertainment","9"
"1952","Genre for Featured Categories","1"
"1952","Independently Distributed","12"
"1952","Kids","4"
"1952","Romance","4"
"1952","Science Fiction","2"
"1952","Suspense","4"
"1952","Western","5"
"1953","Action","15"
"1953","Adventure","12"
"1953","and Culture","12"
"1953","Arts","12"
"1953","Comedy","18"
"1953","Documentary","2"
"1953","Drama","43"
"1953","Entertainment","12"
"1953","Genre for Featured Categories","2"
"1953","Horror","8"
"1953","Independently Distributed","1"
"1953","Kids","1"
"1953","Romance","9"
"1953","Science Fiction","8"
"1953","Sports","1"
"1953","Suspense","21"
"1953","Western","16"
"1954","Action","19"
"1954","Adventure","14"
"1954","and Culture","11"
"1954","Animation","1"
"1954","Arts","11"
"1954","Comedy","19"
"1954","Documentary","1"
"1954","Drama","50"
"1954","Entertainment","11"
"1954","Fully Loaded DVDs","1"
"1954","Genre for Featured Categories","3"
"1954","Horror","4"
"1954","Independently Distributed","1"
"1954","Kids","3"
"1954","Musicals & Performing Arts","2"
"1954","Romance","8"
"1954","Science Fiction","4"
"1954","Suspense","13"
"1954","Western","14"
"1955","Action","11"
"1955","Adventure","8"
"1955","and Culture","17"
"1955","Arts","17"
"1955","Comedy","21"
"1955","Documentary","5"
"1955","Drama","54"
"1955","Entertainment","17"
"1955","Fantasy","1"
"1955","Genre for Featured Categories","2"
"1955","Horror","6"
"1955","Independently Distributed","5"
"1955","International","1"
"1955","Kids","3"
"1955","Military and War","4"
"1955","Romance","11"
"1955","Science Fiction","3"
"1955","Suspense","20"
"1955","Western","10"
"1956","Action","24"
"1956","Adventure","14"
"1956","and Culture","9"
"1956","Arts","9"
"1956","Comedy","13"
"1956","Documentary","1"
"1956","Drama","41"
"1956","Entertainment","9"
"1956","Fantasy","2"
"1956","Genre for Featured Categories","1"
"1956","Historical","1"
"1956","Horror","12"
"1956","Independently Distributed","3"
"1956","Kids","6"
"1956","Military and War","6"
"1956","Romance","5"
"1956","Science Fiction","8"
"1956","Sports","2"
"1956","Suspense","16"
"1956","Western","24"
"1957","Action","7"
"1957","Adventure","5"
"1957","and Culture","10"
"1957","Arts","10"
"1957","Comedy","22"
"1957","Documentary","4"
"1957","Drama","40"
"1957","Entertainment","10"
"1957","Fantasy","4"
"1957","Genre for Featured Categories","2"
"1957","Horror","5"
"1957","Independently Distributed","2"
"1957","Kids","2"
"1957","Military and War","2"
"1957","Romance","2"
"1957","Science Fiction","5"
"1957","Sports","1"
"1957","Studio Specials","1"
"1957","Suspense","12"
"1957","Western","5"
"1958","Action","12"
"1958","Adventure","10"
"1958","and Culture","7"
"1958","Animation","1"
"1958","Arthouse","2"
"1958","Arts","7"
"1958","Comedy","16"
"1958","Documentary","3"
"1958","Drama","50"
"1958","Entertainment","7"
"1958","Fantasy","5"
"1958","Historical","1"
"1958","Horror","11"
"1958","Independently Distributed","2"
"1958","International","4"
"1958","Kids","2"
"1958","Military and War","2"
"1958","Romance","5"
"1958","Science Fiction","15"
"1958","Suspense","11"
"1958","Western","8"
"1959","Action","16"
"1959","Adventure","15"
"1959","and Culture","2"
"1959","Arts","2"
"1959","Comedy","9"
"1959","Criterion Collection","2"
"1959","Documentary","1"
"1959","Drama","40"
"1959","Entertainment","2"
"1959","Fantasy","2"
"1959","Genre for Featured Categories","3"
"1959","Horror","29"
"1959","International","1"
"1959","Military and War","3"
"1959","Romance","1"
"1959","Science Fiction","20"
"1959","Suspense","19"
"1959","Western","9"
"1960","Action","20"
"1960","Adventure","16"
"1960","and Culture","6"
"1960","Arthouse","2"
"1960","Arts","6"
"1960","Comedy","25"
"1960","Documentary","3"
"1960","Drama","57"
"1960","Entertainment","6"
"1960","Faith and Spirituality","1"
"1960","Genre for Featured Categories","1"
"1960","Horror","7"
"1960","Independently Distributed","1"
"1960","International","2"
"1960","Kids","5"
"1960","Military and War","4"
"1960","Romance","6"
"1960","Science Fiction","11"
"1960","Science Fiction & Fantasy","1"
"1960","Suspense","14"
"1960","Western","14"
"1961","Action","8"
"1961","Adventure","6"
"1961","and Culture","9"
"1961","Animation","1"
"1961","Arthouse","4"
"1961","Arts","9"
"1961","Comedy","25"
"1961","Documentary","2"
"1961","Drama","36"
"1961","Entertainment","9"
"1961","Fantasy","6"
"1961","Genre for Featured Categories","3"
"1961","Historical","2"
"1961","Horror","9"
"1961","Independently Distributed","1"
"1961","International","4"
"1961","Kids","7"
"1961","Romance","7"
"1961","Science Fiction","6"
"1961","Sports","3"
"1961","Suspense","12"
"1961","Western","7"
"1962","Action","25"
"1962","Adventure","18"
"1962","and Culture","10"
"1962","Arthouse","3"
"1962","Arts","10"
"1962","Comedy","28"
"1962","Drama","56"
"1962","Entertainment","10"
"1962","Fantasy","4"
"1962","Horror","10"
"1962","Independently Distributed","2"
"1962","International","3"
"1962","Kids","6"
"1962","Military and War","4"
"1962","Romance","7"
"1962","Science Fiction","4"
"1962","Sports","1"
"1962","Suspense","20"
"1962","Western","6"
"1963","Action","17"
"1963","Adventure","9"
"1963","and Culture","10"
"1963","Animation","1"
"1963","Arthouse","3"
"1963","Arts","10"
"1963","Comedy","29"
"1963","Drama","38"
"1963","Entertainment","10"
"1963","Fantasy","2"
"1963","Genre for Featured Categories","1"
"1963","Historical","2"
"1963","Horror","9"
"1963","International","3"
"1963","Kids","12"
"1963","MGM Home Entertainment","1"
"1963","Romance","1"
"1963","Science Fiction","4"
"1963","Suspense","14"
"1963","Western","6"
"1964","Action","28"
"1964","Adventure","12"
"1964","and Culture","10"
"1964","Animation","2"
"1964","Arthouse","2"
"1964","Arts","10"
"1964","Comedy","44"
"1964","Documentary","1"
"1964","Drama","44"
"1964","Entertainment","10"
"1964","Fantasy","5"
"1964","Horror","18"
"1964","Independently Distributed","1"
"1964","International","5"
"1964","Kids","2"
"1964","Military and War","4"
"1964","Romance","2"
"1964","Science Fiction","19"
"1964","Suspense","18"
"1964","Western","7"
"1965","Action","21"
"1965","Adventure","12"
"1965","and Culture","8"
"1965","Animation","1"
"1965","Anime","1"
"1965","Arthouse","4"
"1965","Arts","8"
"1965","Comedy","33"
"1965","Drama","49"
"1965","Entertainment","8"
"1965","Fantasy","1"
"1965","Historical","2"
"1965","Horror","11"
"1965","Independently Distributed","2"
"1965","International","2"
"1965","Kids","7"
"1965","Military and War","8"
"1965","Romance","4"
"1965","Science Fiction","8"
"1965","Sports","2"
"1965","Suspense","23"
"1965","Western","8"
"1965","Young Adult Audience","1"
"1966","Action","15"
"1966","Adventure","15"
"1966","and Culture","7"
"1966","Animation","1"
"1966","Arthouse","2"
"1966","Arts","7"
"1966","Comedy","39"
"1966","Documentary","1"
"1966","Drama","32"
"1966","Entertainment","7"
"1966","Fantasy","2"
"1966","Genre for Featured Categories","2"
"1966","Horror","6"
"1966","International","1"
"1966","Kids","8"
"1966","Military and War","6"
"1966","Romance","3"
"1966","Science Fiction","11"
"1966","Suspense","10"
"1966","Western","20"
"1967","Action","22"
"1967","Adventure","16"
"1967","and Culture","11"
"1967","Anime","2"
"1967","Arthouse","5"
"1967","Arts","11"
"1967","Comedy","34"
"1967","Documentary","2"
"1967","Drama","60"
"1967","Entertainment","11"
"1967","Fantasy","7"
"1967","Historical","2"
"1967","Horror","7"
"1967","International","8"
"1967","Kids","7"
"1967","Military and War","2"
"1967","Romance","10"
"1967","Science Fiction","10"
"1967","Suspense","19"
"1967","Western","16"
"1967","Young Adult Audience","1"
"1968","Action","8"
"1968","Adventure","11"
"1968","and Culture","9"
"1968","Arthouse","1"
"1968","Arts","9"
"1968","Comedy","26"
"1968","Cult Movies","2"
"1968","Documentary","2"
"1968","Drama","47"
"1968","Entertainment","9"
"1968","Fantasy","8"
"1968","Genre for Featured Categories","1"
"1968","Horror","10"
"1968","International","2"
"1968","Kids","6"
"1968","Romance","3"
"1968","Science Fiction","9"
"1968","Suspense","16"
"1968","Western","19"
"1969","Action","29"
"1969","Adventure","20"
"1969","and Culture","6"
"1969","Animation","2"
"1969","Arts","6"
"1969","Comedy","25"
"1969","Drama","55"
"1969","Entertainment","6"
"1969","Genre for Featured Categories","5"
"1969","Historical","1"
"1969","Horror","12"
"1969","Independently Distributed","1"
"1969","International","1"
"1969","Kids","5"
"1969","Military and War","2"
"1969","Romance","3"
"1969","Science Fiction","15"
"1969","Suspense","10"
"1969","Western","21"
"1970","Action","26"
"1970","Adventure","16"
"1970","and Culture","11"
"1970","Arts","11"
"1970","Comedy","39"
"1970","Documentary","5"
"1970","Drama","58"
"1970","Entertainment","11"
"1970","Fantasy","5"
"1970","Genre for Featured Categories","5"
"1970","Historical","1"
"1970","Horror","13"
"1970","Independently Distributed","3"
"1970","Indie & Alternative","1"
"1970","International","2"
"1970","Kids","6"
"1970","LGBTQ","2"
"1970","Military and War","2"
"1970","Romance","7"
"1970","Science Fiction","9"
"1970","Studio Specials","2"
"1970","Suspense","11"
"1970","Western","16"
"1971","Action","18"
"1971","Adventure","21"
"1971","and Culture","3"
"1971","Arts","3"
"1971","Comedy","29"
"1971","Documentary","5"
"1971","Drama","76"
"1971","Entertainment","3"
"1971","Fantasy","2"
"1971","Genre for Featured Categories","1"
"1971","Horror","20"
"1971","Independently Distributed","3"
"1971","Kids","4"
"1971","Military and War","2"
"1971","Romance","1"
"1971","Science Fiction","9"
"1971","Suspense","35"
"1971","Western","18"
"1972","Action","36"
"1972","Adventure","26"
"1972","and Culture","7"
"1972","Animation","3"
"1972","Arts","7"
"1972","Comedy","31"
"1972","Cult Movies","1"
"1972","Documentary","1"
"1972","Drama","59"
"1972","Entertainment","7"
"1972","Fantasy","2"
"1972","Genre for Featured Categories","4"
"1972","Historical","1"
"1972","Horror","15"
"1972","Independently Distributed","6"
"1972","International","3"
"1972","Kids","9"
"1972","Musicals & Performing Arts","1"
"1972","Romance","6"
"1972","Science Fiction","5"
"1972","Sports","2"
"1972","Suspense","22"
"1972","Western","20"
"1973","Action","37"
"1973","Adventure","18"
"1973","and Culture","10"
"1973","Animation","3"
"1973","Arthouse","2"
"1973","Arts","10"
"1973","Comedy","35"
"1973","Documentary","3"
"1973","Drama","91"
"1973","Entertainment","10"
"1973","Fantasy","5"
"1973","Genre for Featured Categories","5"
"1973","Horror","23"
"1973","Independently Distributed","1"
"1973","International","3"
"1973","Kids","10"
"1973","Military and War","1"
"1973","Romance","2"
"1973","Science Fiction","7"
"1973","Suspense","47"
"1973","Western","18"
"1974","Action","39"
"1974","Adventure","23"
"1974","and Culture","7"
"1974","Animation","1"
"1974","Arthouse","2"
"1974","Arts","7"
"1974","Comedy","32"
"1974","Documentary","5"
"1974","Drama","78"
"1974","Entertainment","7"
"1974","Fantasy","3"
"1974","Genre for Featured Categories","1"
"1974","Horror","24"
"1974","Independently Distributed","2"
"1974","Kids","12"
"1974","Military and War","1"
"1974","Romance","6"
"1974","Science Fiction","11"
"1974","Studio Specials","1"
"1974","Suspense","30"
"1974","Western","6"
"1975","Action","37"
"1975","Adventure","26"
"1975","and Culture","4"
"1975","Arts","4"
"1975","Comedy","19"
"1975","Documentary","2"
"1975","Drama","42"
"1975","Entertainment","4"
"1975","Fantasy","2"
"1975","Fully Loaded DVDs","1"
"1975","Genre for Featured Categories","4"
"1975","Horror","13"
"1975","Independently Distributed","4"
"1975","International","3"
"1975","Kids","3"
"1975","Military and War","2"
"1975","Musicals & Performing Arts","1"
"1975","Science Fiction","11"
"1975","Sports","2"
"1975","Suspense","29"
"1975","Western","6"
"1976","Action","25"
"1976","Adventure","12"
"1976","and Culture","4"
"1976","Animation","1"
"1976","Arthouse","1"
"1976","Arts","4"
"1976","Comedy","35"
"1976","Documentary","9"
"1976","Drama","48"
"1976","Entertainment","4"
"1976","Genre for Featured Categories","2"
"1976","Horror","10"
"1976","Independently Distributed","4"
"1976","Kids","4"
"1976","MGM Home Entertainment","1"
"1976","Romance","6"
"1976","Science Fiction","9"
"1976","Sports","1"
"1976","Suspense","21"
"1976","Western","15"
"1977","Action","23"
"1977","Adventure","20"
"1977","and Culture","2"
"1977","Animation","1"
"1977","Arthouse","1"
"1977","Arts","2"
"1977","Comedy","29"
"1977","Documentary","3"
"1977","Drama","43"
"1977","Entertainment","2"
"1977","Fantasy","6"
"1977","Genre for Featured Categories","7"
"1977","Historical","1"
"1977","Horror","16"
"1977","Independently Distributed","1"
"1977","International","2"
"1977","Kids","5"
"1977","Military and War","1"
"1977","Romance","1"
"1977","Science Fiction","7"
"1977","Science Fiction & Fantasy","1"
"1977","Studio Specials","1"
"1977","Suspense","17"
"1977","Young Adult Audience","2"
"1978","Action","27"
"1978","Adventure","11"
"1978","and Culture","5"
"1978","Arts","5"
"1978","Comedy","29"
"1978","Drama","39"
"1978","Entertainment","5"
"1978","Fantasy","3"
"1978","Genre for Featured Categories","2"
"1978","Historical","1"
"1978","Horror","13"
"1978","Independently Distributed","5"
"1978","Kids","8"
"1978","Romance","3"
"1978","Science Fiction","10"
"1978","Sports","2"
"1978","Suspense","18"
"1978","Western","4"
"1979","Action","29"
"1979","Adventure","17"
"1979","Animation","2"
"1979","Anime","1"
"1979","Comedy","44"
"1979","Drama","58"
"1979","Genre for Featured Categories","5"
"1979","Horror","12"
"1979","Independently Distributed","3"
"1979","International","1"
"1979","Kids","12"
"1979","Military and War","3"
"1979","Paramount Home Entertainment","1"
"1979","Romance","7"
"1979","Science Fiction","18"
"1979","Science Fiction & Fantasy","1"
"1979","Sports","6"
"1979","Suspense","22"
"1979","Western","2"
"1980","Action","22"
"1980","Adventure","17"
"1980","and Culture","7"
"1980","Animation","2"
"1980","Art House & International","1"
"1980","Arthouse","4"
"1980","Arts","7"
"1980","Comedy","60"
"1980","Drama","65"
"1980","Entertainment","7"
"1980","Fantasy","5"
"1980","Genre for Featured Categories","7"
"1980","Historical","4"
"1980","Horror","24"
"1980","Independently Distributed","2"
"1980","Kids","6"
"1980","Military and War","7"
"1980","Romance","5"
"1980","Science Fiction","11"
"1980","Sports","2"
"1980","Suspense","29"
"1980","Western","10"
"1981","Action","29"
"1981","Adventure","26"
"1981","and Culture","5"
"1981","Animation","1"
"1981","Arthouse","1"
"1981","Arts","5"
"1981","Comedy","40"
"1981","Documentary","1"
"1981","Drama","64"
"1981","Entertainment","5"
"1981","Fantasy","11"
"1981","Genre for Featured Categories","3"
"1981","Horror","37"
"1981","Independently Distributed","1"
"1981","Kids","3"
"1981","Military and War","2"
"1981","Romance","4"
"1981","Science Fiction","21"
"1981","Suspense","36"
"1981","Western","1"
"1981","Young Adult Audience","6"
"1982","Action","26"
"1982","Adventure","20"
"1982","and Culture","5"
"1982","Animation","5"
"1982","Arthouse","2"
"1982","Arts","5"
"1982","Blu-ray","1"
"1982","Comedy","34"
"1982","Documentary","3"
"1982","Drama","55"
"1982","Entertainment","5"
"1982","Fantasy","4"
"1982","Genre for Featured Categories","9"
"1982","Historical","3"
"1982","Horror","28"
"1982","Independently Distributed","3"
"1982","Kids","10"
"1982","Military and War","3"
"1982","Paramount Home Entertainment","1"
"1982","Science Fiction","19"
"1982","Sports","1"
"1982","Studio Specials","1"
"1982","Suspense","27"
"1982","Young Adult Audience","2"
"1983","Action","36"
"1983","Adventure","25"
"1983","and Culture","10"
"1983","Animation","3"
"1983","Arthouse","5"
"1983","Arts","10"
"1983","Christian Video","1"
"1983","Comedy","69"
"1983","Documentary","4"
"1983","Drama","70"
"1983","Entertainment","10"
"1983","Fantasy","6"
"1983","Genre for Featured Categories","11"
"1983","Horror","20"
"1983","Independently Distributed","3"
"1983","International","2"
"1983","Kids","6"
"1983","Romance","9"
"1983","Science Fiction","13"
"1983","Shakespeare on DVD Store","1"
"1983","Suspense","35"
"1983","Young Adult Audience","2"
"1984","Action","40"
"1984","Adventure","22"
"1984","and Culture","3"
"1984","Animation","3"
"1984","Anime","2"
"1984","Arthouse","2"
"1984","Arts","3"
"1984","Christian Video","1"
"1984","Comedy","58"
"1984","Cult Movies","1"
"1984","Documentary","2"
"1984","Drama","67"
"1984","Entertainment","3"
"1984","Fantasy","5"
"1984","Genre for Featured Categories","9"
"1984","Horror","12"
"1984","Independently Distributed","4"
"1984","Kids","9"
"1984","Military and War","9"
"1984","None","1"
"1984","Romance","7"
"1984","Science Fiction","27"
"1984","Science Fiction & Fantasy","1"
"1984","Sports","1"
"1984","Studio Specials","1"
"1984","Suspense","27"
"1984","Young Adult Audience","1"
"1985","Action","52"
"1985","Adventure","35"
"1985","and Culture","7"
"1985","Animation","1"
"1985","Anime","2"
"1985","Arthouse","7"
"1985","Arts","7"
"1985","Comedy","54"
"1985","Documentary","3"
"1985","Drama","72"
"1985","Entertainment","7"
"1985","Fantasy","4"
"1985","Genre for Featured Categories","55"
"1985","Historical","1"
"1985","Horror","18"
"1985","Independently Distributed","11"
"1985","International","5"
"1985","Kids","10"
"1985","Military and War","2"
"1985","Musicals & Performing Arts","1"
"1985","Romance","6"
"1985","Science Fiction","19"
"1985","Science Fiction & Fantasy","1"
"1985","Sports","2"
"1985","Suspense","31"
"1985","Western","4"
"1985","Young Adult Audience","4"
"1986","Action","44"
"1986","Adventure","19"
"1986","and Culture","12"
"1986","Animation","1"
"1986","Art House & International","2"
"1986","Arthouse","5"
"1986","Arts","12"
"1986","Classics","1"
"1986","Comedy","77"
"1986","Disney Home Video","1"
"1986","Documentary","4"
"1986","Drama","70"
"1986","Entertainment","12"
"1986","Fantasy","10"
"1986","Genre for Featured Categories","92"
"1986","Historical","4"
"1986","Horror","31"
"1986","Independently Distributed","13"
"1986","International","1"
"1986","Kids","6"
"1986","Military and War","5"
"1986","Movies","1"
"1986","Romance","4"
"1986","Science Fiction","23"
"1986","Science Fiction & Fantasy","2"
"1986","Sports","1"
"1986","Studio Specials","14"
"1986","Suspense","21"
"1986","Western","2"
"1986","Yoga","1"
"1986","Young Adult Audience","5"
"1987","Action","36"
"1987","Adventure","21"
"1987","and Culture","3"
"1987","Animation","3"
"1987","Art House & International","15"
"1987","Arthouse","6"
"1987","Arts","3"
"1987","Christian Video","2"
"1987","Classics","3"
"1987","Comedy","85"
"1987","Digital VHS","1"
"1987","Disney Home Video","3"
"1987","Documentary","3"
"1987","Drama","61"
"1987","Entertainment","3"
"1987","Fantasy","9"
"1987","Genre for Featured Categories","321"
"1987","Horror","36"
"1987","Independently Distributed","48"
"1987","Kids","6"
"1987","Military and War","3"
"1987","Movies","3"
"1987","Romance","6"
"1987","Science Fiction","11"
"1987","Science Fiction & Fantasy","2"
"1987","Studio Specials","25"
"1987","Suspense","46"
"1987","Western","5"
"1987","Young Adult Audience","5"
"1988","Action","34"
"1988","Adventure","17"
"1988","and Culture","7"
"1988","Art House & International","20"
"1988","Arts","7"
"1988","Christian Video","1"
"1988","Comedy","102"
"1988","Cult Movies","2"
"1988","Disney Home Video","1"
"1988","Documentary","4"
"1988","Drama","107"
"1988","Entertainment","7"
"1988","Fantasy","9"
"1988","Fully Loaded DVDs","1"
"1988","Genre for Featured Categories","307"
"1988","Historical","2"
"1988","Horror","38"
"1988","Independently Distributed","41"
"1988","Kids","4"
"1988","Military and War","4"
"1988","Movies","2"
"1988","Paramount Home Entertainment","1"
"1988","Romance","7"
"1988","Science Fiction","12"
"1988","Science Fiction & Fantasy","1"
"1988","Sports","4"
"1988","Studio Specials","26"
"1988","Suspense","36"
"1988","Western","3"
"1988","Young Adult Audience","4"
"1989","Action","55"
"1989","Adventure","23"
"1989","Animation","7"
"1989","Art House & International","22"
"1989","Arthouse","18"
"1989","Christian Video","1"
"1989","Classics","6"
"1989","Comedy","122"
"1989","Cult Movies","4"
"1989","Disney Home Video","2"
"1989","Documentary","9"
"1989","Drama","87"
"1989","Fantasy","10"
"1989","Fully Loaded DVDs","1"
"1989","Genre for Featured Categories","698"
"1989","Horror","28"
"1989","Independently Distributed","15"
"1989","Indie & Alternative","2"
"1989","International","5"
"1989","Kids","9"
"1989","LGBTQ","2"
"1989","Military and War","3"
"1989","Movies","5"
"1989","None","1"
"1989","Office & School Supplies","2"
"1989","Romance","7"
"1989","Science Fiction","12"
"1989","Spanish Language","2"
"1989","Sports","2"
"1989","Studio Specials","34"
"1989","Suspense","47"
"1989","Television & Video","1"
"1989","Western","1"
"1989","Widescreen","1"
"1989","Young Adult Audience","3"
"1990","Action","60"
"1990","Adventure","27"
"1990","and Culture","8"
"1990","Animation","4"
"1990","Art House & International","37"
"1990","Arthouse","20"
"1990","Arts","8"
"1990","Christian Video","6"
"1990","Classics","5"
"1990","Comedy","63"
"1990","Cult Movies","2"
"1990","Disney Home Video","1"
"1990","Documentary","7"
"1990","Drama","88"
"1990","Entertainment","8"
"1990","Fantasy","4"
"1990","Genre for Featured Categories","830"
"1990","Horror","24"
"1990","Independently Distributed","30"
"1990","Indie & Alternative","4"
"1990","International","3"
"1990","Kids","10"
"1990","Military and War","8"
"1990","Movies","3"
"1990","Musicals & Performing Arts","1"
"1990","None","1"
"1990","Paramount Home Entertainment","1"
"1990","Romance","5"
"1990","Science Fiction","13"
"1990","Science Fiction & Fantasy","2"
"1990","Sports","2"
"1990","Studio Specials","51"
"1990","Suspense","37"
"1990","Western","8"
"1990","Widescreen","1"
"1990","Young Adult Audience","1"
"1991","Action","57"
"1991","Adventure","28"
"1991","and Culture","3"
"1991","Animation","1"
"1991","Art House & International","92"
"1991","Arthouse","17"
"1991","Arts","3"
"1991","Blu-ray","1"
"1991","Christian Video","3"
"1991","Classical","3"
"1991","Classics","6"
"1991","Comedy","79"
"1991","Cult Movies","4"
"1991","Disney Home Video","8"
"1991","Documentary","6"
"1991","Drama","102"
"1991","Entertainment","3"
"1991","Fantasy","10"
"1991","Genre for Featured Categories","1133"
"1991","Horror","16"
"1991","Independently Distributed","55"
"1991","Indie & Alternative","38"
"1991","International","5"
"1991","Kids","14"
"1991","Medical Supplies & Equipment","1"
"1991","Movies","12"
"1991","Romance","11"
"1991","Science Fiction","14"
"1991","Science Fiction & Fantasy","1"
"1991","Spanish Language","2"
"1991","Sports","2"
"1991","Studio Specials","74"
"1991","Suspense","41"
"1991","Widescreen","1"
"1991","Yoga","1"
"1991","Young Adult Audience","1"
"1992","Accessories & Supplies","1"
"1992","Action","51"
"1992","Adventure","15"
"1992","and Culture","2"
"1992","Animation","4"
"1992","Art House & International","117"
"1992","Arthouse","13"
"1992","Arts","2"
"1992","Camera & Photo","1"
"1992","Christian Video","5"
"1992","Classical","1"
"1992","Classics","7"
"1992","Comedy","87"
"1992","Cult Movies","8"
"1992","Disney Home Video","8"
"1992","Documentary","2"
"1992","Drama","108"
"1992","Entertainment","2"
"1992","Fantasy","9"
"1992","Genre for Featured Categories","1190"
"1992","Horror","24"
"1992","Independently Distributed","31"
"1992","Indie & Alternative","16"
"1992","International","9"
"1992","Kids","8"
"1992","Movies","11"
"1992","Musicals & Performing Arts","1"
"1992","None","1"
"1992","Romance","7"
"1992","Science Fiction","11"
"1992","Science Fiction & Fantasy","1"
"1992","Spanish Language","16"
"1992","Sports","4"
"1992","Studio Specials","216"
"1992","Suspense","57"
"1992","Western","1"
"1992","Widescreen","8"
"1992","Young Adult Audience","1"
"1993","Accessories & Supplies","1"
"1993","Action","72"
"1993","Adventure","19"
"1993","African American Cinema","1"
"1993","and Culture","2"
"1993","Animation","10"
"1993","Anime","2"
"1993","Art House & International","139"
"1993","Arthouse","26"
"1993","Arts","2"
"1993","Christian Video","6"
"1993","Classical","4"
"1993","Classics","6"
"1993","Comedy","104"
"1993","Cult Movies","16"
"1993","Disney Home Video","21"
"1993","Documentary","8"
"1993","Drama","120"
"1993","Entertainment","2"
"1993","Faith and Spirituality","2"
"1993","Fantasy","5"
"1993","Genre for Featured Categories","1355"
"1993","Horror","20"
"1993","Independently Distributed","38"
"1993","Indie & Alternative","8"
"1993","International","3"
"1993","Jewish Heritage","1"
"1993","Kids","25"
"1993","LGBTQ","2"
"1993","Movies","29"
"1993","Romance","20"
"1993","Science Fiction","21"
"1993","Science Fiction & Fantasy","5"
"1993","Spanish Language","39"
"1993","Sports & Fitness","1"
"1993","Studio Specials","248"
"1993","Suspense","54"
"1993","Western","4"
"1993","Widescreen","3"
"1993","Yoga","2"
"1993","Young Adult Audience","4"
"1994","Accessories","1"
"1994","Action","75"
"1994","Adventure","30"
"1994","African American Cinema","3"
"1994","and Culture","2"
"1994","Animation","7"
"1994","Art House & International","143"
"1994","Arthouse","18"
"1994","Arts","2"
"1994","Christian Video","15"
"1994","Classical","3"
"1994","Classics","2"
"1994","Comedy","119"
"1994","Cult Movies","17"
"1994","Disney Home Video","49"
"1994","Documentary","12"
"1994","Drama","134"
"1994","Entertainment","2"
"1994","Fantasy","10"
"1994","Fully Loaded DVDs","2"
"1994","Genre for Featured Categories","1593"
"1994","Historical","2"
"1994","Horror","20"
"1994","Independently Distributed","109"
"1994","Indie & Alternative","15"
"1994","International","6"
"1994","Kids","27"
"1994","LGBTQ","2"
"1994","Movies","27"
"1994","Romance","7"
"1994","Science Fiction","33"
"1994","Science Fiction & Fantasy","3"
"1994","Sewing","1"
"1994","Spanish Language","31"
"1994","Sports","2"
"1994","Studio Specials","470"
"1994","Suspense","53"
"1994","Western","10"
"1994","Widescreen","6"
"1994","Yoga","6"
"1994","Young Adult Audience","2"
"1995","A&E Home Video","1"
"1995","Accessories & Supplies","1"
"1995","Action","73"
"1995","Adventure","37"
"1995","African American Cinema","1"
"1995","Animation","16"
"1995","Art House & International","187"
"1995","Arthouse","25"
"1995","Christian Video","19"
"1995","Classical","3"
"1995","Classics","7"
"1995","Comedy","85"
"1995","Cult Movies","20"
"1995","Disney Home Video","62"
"1995","Documentary","7"
"1995","Drama","130"
"1995","Faith and Spirituality","1"
"1995","Fantasy","9"
"1995","Genre for Featured Categories","1782"
"1995","Historical","4"
"1995","Horror","19"
"1995","Independently Distributed","60"
"1995","Indie & Alternative","14"
"1995","International","6"
"1995","Jewish Heritage","4"
"1995","Kids","18"
"1995","LGBTQ","2"
"1995","Military and War","4"
"1995","Movies","30"
"1995","None","1"
"1995","Paramount Home Entertainment","1"
"1995","Romance","6"
"1995","Science Fiction","23"
"1995","Science Fiction & Fantasy","5"
"1995","Spanish Language","36"
"1995","Studio Specials","351"
"1995","Suspense","75"
"1995","Television & Video","1"
"1995","Western","4"
"1995","Widescreen","9"
"1995","Yoga","10"
"1995","Young Adult Audience","3"
"1996","Action","67"
"1996","Adventure","25"
"1996","African American Cinema","9"
"1996","and Culture","12"
"1996","Animation","23"
"1996","Anime","2"
"1996","Art House & International","187"
"1996","Arthouse","24"
"1996","Arts","12"
"1996","Christian Video","15"
"1996","Classical","3"
"1996","Classics","7"
"1996","Comedy","108"
"1996","Cult Movies","46"
"1996","Disney Home Video","60"
"1996","Documentary","7"
"1996","Drama","140"
"1996","Entertainment","12"
"1996","Fantasy","8"
"1996","Genre for Featured Categories","1592"
"1996","Horror","29"
"1996","Independently Distributed","102"
"1996","Indie & Alternative","13"
"1996","International","10"
"1996","Jewish Heritage","3"
"1996","Kids","32"
"1996","LGBTQ","2"
"1996","Military and War","4"
"1996","Motorcycle & Powersports","1"
"1996","Movies","31"
"1996","None","2"
"1996","Romance","7"
"1996","Science Fiction","33"
"1996","Science Fiction & Fantasy","3"
"1996","Spanish Language","37"
"1996","Studio Specials","388"
"1996","Suspense","79"
"1996","Western","1"
"1996","Widescreen","29"
"1996","Yoga","3"
"1996","Young Adult Audience","4"
"1997","Action","83"
"1997","Adventure","33"
"1997","African American Cinema","3"
"1997","and Culture","6"
"1997","Animation","29"
"1997","Art House & International","308"
"1997","Arthouse","27"
"1997","Arts","6"
"1997","Christian Video","8"
"1997","Classical","2"
"1997","Classics","20"
"1997","Comedy","113"
"1997","Cult Movies","63"
"1997","Disney Home Video","86"
"1997","Documentary","4"
"1997","Drama","182"
"1997","Entertainment","6"
"1997","Faith and Spirituality","2"
"1997","Fantasy","15"
"1997","Fully Loaded DVDs","1"
"1997","Genre for Featured Categories","2238"
"1997","HBO","5"
"1997","Horror","31"
"1997","Independently Distributed","95"
"1997","Indie & Alternative","12"
"1997","International","12"
"1997","James Bond","2"
"1997","Jewish Heritage","3"
"1997","John Wayne Store","5"
"1997","Kids","24"
"1997","LGBTQ","2"
"1997","MGM Home Entertainment","8"
"1997","Military and War","4"
"1997","Movies","51"
"1997","Musicals & Performing Arts","7"
"1997","Romance","7"
"1997","Science Fiction","18"
"1997","Science Fiction & Fantasy","44"
"1997","Skin Care","1"
"1997","Spanish Language","52"
"1997","Studio Specials","558"
"1997","Suspense","83"
"1997","Television & Video","1"
"1997","Widescreen","95"
"1997","Yoga","7"
"1998","Accessories","1"
"1998","Action","79"
"1998","Adventure","46"
"1998","African American Cinema","10"
"1998","and Culture","8"
"1998","Animation","36"
"1998","Art House & International","643"
"1998","Arthouse","21"
"1998","Arts","8"
"1998","Christian Video","40"
"1998","Classical","2"
"1998","Classics","59"
"1998","Comedy","143"
"1998","Criterion Collection","18"
"1998","Cult Movies","97"
"1998","Disney Home Video","55"
"1998","Documentary","3"
"1998","Drama","189"
"1998","Entertainment","8"
"1998","Faith and Spirituality","2"
"1998","Fantasy","12"
"1998","Fully Loaded DVDs","1"
"1998","Genre for Featured Categories","4265"
"1998","HBO","12"
"1998","Historical","3"
"1998","Horror","38"
"1998","Independently Distributed","163"
"1998","Indie & Alternative","14"
"1998","International","15"
"1998","James Bond","2"
"1998","Jane Austen on DVD Store","1"
"1998","Jewish Heritage","10"
"1998","John Wayne Store","5"
"1998","Kids","37"
"1998","LGBTQ","7"
"1998","MGM Home Entertainment","9"
"1998","Military and War","2"
"1998","Movies","121"
"1998","Musicals & Performing Arts","41"
"1998","None","2"
"1998","Office & School Supplies","1"
"1998","Paramount Home Entertainment","23"
"1998","Romance","16"
"1998","Sci-Fi Series & Sequels","1"
"1998","Science Fiction","36"
"1998","Science Fiction & Fantasy","130"
"1998","Shakespeare on DVD Store","2"
"1998","Spanish Language","110"
"1998","Sports","4"
"1998","Studio Specials","1208"
"1998","Suspense","84"
"1998","The Twilight Zone","1"
"1998","Walt Disney Studios Home Entertainment","2"
"1998","Widescreen","125"
"1998","Women","1"
"1998","Yoga","16"
"1998","Young Adult Audience","3"
"1999","A&E Home Video","23"
"1999","Accessories","2"
"1999","Action","61"
"1999","Adventure","33"
"1999","African American Cinema","12"
"1999","and Culture","1"
"1999","Animation","22"
"1999","Art House & International","387"
"1999","Arthouse","22"
"1999","Arts","1"
"1999","Christian Video","23"
"1999","Classical","16"
"1999","Classics","36"
"1999","Comedy","145"
"1999","Criterion Collection","16"
"1999","Cult Movies","96"
"1999","Disney Home Video","63"
"1999","Documentary","4"
"1999","Drama","174"
"1999","Drawing & Art Supplies","1"
"1999","Entertainment","1"
"1999","Fantasy","14"
"1999","Fully Loaded DVDs","25"
"1999","Genre for Featured Categories","3211"
"1999","HBO","20"
"1999","Historical","1"
"1999","Horror","47"
"1999","Independently Distributed","302"
"1999","Indie & Alternative","33"
"1999","International","14"
"1999","James Bond","2"
"1999","Jewish Heritage","6"
"1999","John Wayne Store","5"
"1999","Kids","22"
"1999","Made-for-TV Movies","1"
"1999","MGM Home Entertainment","35"
"1999","Military and War","2"
"1999","Movies","105"
"1999","Musicals & Performing Arts","64"
"1999","None","2"
"1999","Novelty & Gag Toys","1"
"1999","Office & School Supplies","1"
"1999","Painting","1"
"1999","Paramount Home Entertainment","73"
"1999","Romance","12"
"1999","Science Fiction","25"
"1999","Science Fiction & Fantasy","208"
"1999","Shakespeare on DVD Store","7"
"1999","Spanish Language","116"
"1999","Sports","4"
"1999","Studio Specials","917"
"1999","Suspense","100"
"1999","Walt Disney Studios Home Entertainment","19"
"1999","Western","5"
"1999","Widescreen","102"
"1999","Yoga","31"
"1999","Young Adult Audience","6"
"2000","4-for-3 DVD","2"
"2000","A&E Home Video","19"
"2000","Accessories","2"
"2000","Accessories & Supplies","1"
"2000","Action","91"
"2000","Adventure","54"
"2000","African American Cinema","7"
"2000","and Culture","7"
"2000","Animation","50"
"2000","Art House & International","744"
"2000","Arthouse","22"
"2000","Arts","7"
"2000","BBC","1"
"2000","Characters & Series","1"
"2000","Charlie Rose Store","2"
"2000","Christian Video","41"
"2000","Classical","33"
"2000","Classics","95"
"2000","Comedy","146"
"2000","Computers & Accessories","1"
"2000","Criterion Collection","14"
"2000","Cult Movies","106"
"2000","Disney Home Video","69"
"2000","Documentary","17"
"2000","Docurama","1"
"2000","Drama","194"
"2000","Drawing & Art Supplies","1"
"2000","Entertainment","7"
"2000","Faith and Spirituality","2"
"2000","Fantasy","15"
"2000","Fully Loaded DVDs","43"
"2000","Genre for Featured Categories","4430"
"2000","HBO","6"
"2000","Health Care","1"
"2000","Horror","46"
"2000","Independently Distributed","332"
"2000","Indie & Alternative","24"
"2000","Indie & Art House","2"
"2000","International","12"
"2000","James Bond","6"
"2000","Jewish Heritage","13"
"2000","John Wayne Store","5"
"2000","Kids","38"
"2000","LGBTQ","4"
"2000","Made-for-TV Movies","11"
"2000","Makeup","1"
"2000","MGM Home Entertainment","65"
"2000","Military and War","2"
"2000","Movies","135"
"2000","Musicals & Performing Arts","153"
"2000","Painting","1"
"2000","Paramount Home Entertainment","69"
"2000","Romance","15"
"2000","Sci-Fi Series & Sequels","2"
"2000","Science Fiction","30"
"2000","Science Fiction & Fantasy","302"
"2000","Shakespeare on DVD Store","10"
"2000","Skin Care","1"
"2000","Spanish Language","142"
"2000","Sports","5"
"2000","Studio Specials","981"
"2000","Suspense","113"
"2000","Walt Disney Studios Home Entertainment","21"
"2000","Western","6"
"2000","Widescreen","89"
"2000","Women","1"
"2000","Yoga","40"
"2000","Young Adult Audience","6"
"2001","4-for-3 DVD","2"
"2001","A&E Home Video","29"
"2001","Action","86"
"2001","Adventure","41"
"2001","African American Cinema","3"
"2001","and Culture","11"
"2001","Animation","34"
"2001","Anime","2"
"2001","Art House & International","463"
"2001","Arthouse","31"
"2001","Arts","11"
"2001","BBC","3"
"2001","Birth-2 Years","1"
"2001","Blu-ray","1"
"2001","Camera & Photo","1"
"2001","Characters & Series","6"
"2001","Christian Video","27"
"2001","Classical","45"
"2001","Classics","41"
"2001","Comedy","181"
"2001","Criterion Collection","27"
"2001","Cult Movies","122"
"2001","Disney Home Video","56"
"2001","Documentary","19"
"2001","Docurama","4"
"2001","Drama","221"
"2001","Drawing & Art Supplies","1"
"2001","Educational","2"
"2001","Entertainment","11"
"2001","Fantasy","12"
"2001","Fully Loaded DVDs","74"
"2001","Genre for Featured Categories","4571"
"2001","HBO","13"
"2001","Historical","3"
"2001","Horror","44"
"2001","Independently Distributed","345"
"2001","Indie & Alternative","42"
"2001","Indie & Art House","2"
"2001","International","16"
"2001","Jewish Heritage","15"
"2001","John Wayne Store","18"
"2001","Kids","21"
"2001","LGBTQ","9"
"2001","Made-for-TV Movies","12"
"2001","MGM Home Entertainment","208"
"2001","Military and War","5"
"2001","Movies","124"
"2001","Musicals & Performing Arts","188"
"2001","Office & School Supplies","1"
"2001","Painting","1"
"2001","Paramount Home Entertainment","94"
"2001","Romance","18"
"2001","Science Fiction","25"
"2001","Science Fiction & Fantasy","479"
"2001","Shakespeare on DVD Store","15"
"2001","Showtime","1"
"2001","Spanish Language","196"
"2001","Sports","3"
"2001","Sports & Fitness","1"
"2001","Studio Specials","1158"
"2001","Suspense","90"
"2001","Walt Disney Studios Home Entertainment","12"
"2001","Western","5"
"2001","Widescreen","89"
"2001","Yoga","41"
"2001","Young Adult Audience","3"
"2002","10-12 Years","1"
"2002","3-6 Years","4"
"2002","4-for-3 DVD","2"
"2002","A&E Home Video","20"
"2002","Action","111"
"2002","Adventure","38"
"2002","African American Cinema","8"
"2002","and Culture","19"
"2002","Animation","24"
"2002","Anime","2"
"2002","Art House & International","409"
"2002","Arthouse","24"
"2002","Arts","19"
"2002","BBC","15"
"2002","Birth-2 Years","1"
"2002","Characters & Series","6"
"2002","Christian Video","36"
"2002","Classical","33"
"2002","Classics","41"
"2002","Comedy","175"
"2002","Criterion Collection","18"
"2002","Cult Movies","76"
"2002","Disney Home Video","96"
"2002","Documentary","20"
"2002","Docurama","4"
"2002","Drama","229"
"2002","Drawing & Art Supplies","1"
"2002","Electrical","1"
"2002","Entertainment","19"
"2002","Faith and Spirituality","1"
"2002","Fantasy","9"
"2002","Fully Loaded DVDs","70"
"2002","Games & Accessories","1"
"2002","Genre for Featured Categories","4833"
"2002","HBO","11"
"2002","Historical","6"
"2002","Horror","47"
"2002","Independently Distributed","654"
"2002","Indie & Alternative","46"
"2002","International","18"
"2002","James Bond","5"
"2002","Jewish Heritage","9"
"2002","John Wayne Store","8"
"2002","Kids","33"
"2002","LGBTQ","5"
"2002","Made-for-TV Movies","7"
"2002","MGM Home Entertainment","146"
"2002","Military and War","13"
"2002","Movies","45"
"2002","Musicals & Performing Arts","220"
"2002","None","1"
"2002","Office & School Supplies","2"
"2002","Painting","1"
"2002","Paramount Home Entertainment","103"
"2002","Romance","11"
"2002","Science Fiction","44"
"2002","Science Fiction & Fantasy","549"
"2002","Shakespeare on DVD Store","14"
"2002","Skin Care","1"
"2002","Spanish Language","134"
"2002","Sports","5"
"2002","Sports & Fitness","1"
"2002","Studio Recording Equipment","1"
"2002","Studio Specials","1312"
"2002","Suspense","111"
"2002","Talk Show and Variety","2"
"2002","Walt Disney Studios Home Entertainment","51"
"2002","Western","2"
"2002","Widescreen","28"
"2002","Yoga","55"
"2002","Young Adult Audience","5"
"2003","3-6 Years","4"
"2003","4-for-3 DVD","7"
"2003","A&E Home Video","15"
"2003","Accessories","2"
"2003","Action","125"
"2003","Adventure","46"
"2003","and Culture","13"
"2003","Animation","25"
"2003","Anime","1"
"2003","Art House & International","364"
"2003","Arthouse","42"
"2003","Arts","13"
"2003","BBC","12"
"2003","Birth-2 Years","1"
"2003","Characters & Series","13"
"2003","Christian Video","10"
"2003","Classical","46"
"2003","Classics","46"
"2003","Comedy","207"
"2003","Crafting","1"
"2003","Criterion Collection","19"
"2003","Cult Movies","38"
"2003","Digital VHS","1"
"2003","Discovery Channel","2"
"2003","Disney Home Video","55"
"2003","Documentary","46"
"2003","Docurama","15"
"2003","Dogs","1"
"2003","Drama","186"
"2003","Drawing & Art Supplies","2"
"2003","Entertainment","13"
"2003","Fantasy","13"
"2003","Finders & Accessories","1"
"2003","Fully Loaded DVDs","113"
"2003","Genre for Featured Categories","4964"
"2003","GPS","1"
"2003","HBO","16"
"2003","Historical","2"
"2003","Horror","49"
"2003","Independently Distributed","924"
"2003","Indie & Alternative","90"
"2003","Indie & Art House","1"
"2003","International","25"
"2003","James Bond","3"
"2003","Jane Austen on DVD Store","1"
"2003","Jewish Heritage","9"
"2003","John Wayne Store","11"
"2003","Kids","40"
"2003","LGBTQ","14"
"2003","Made-for-TV Movies","28"
"2003","MGM Home Entertainment","200"
"2003","Military and War","7"
"2003","Movies","36"
"2003","Musicals & Performing Arts","347"
"2003","Office & School Supplies","3"
"2003","Painting","2"
"2003","Paramount Home Entertainment","142"
"2003","Replacement Parts","1"
"2003","Romance","9"
"2003","Science Fiction","55"
"2003","Science Fiction & Fantasy","636"
"2003","Shakespeare on DVD Store","7"
"2003","Spanish Language","46"
"2003","Sports","2"
"2003","Sports & Fitness","1"
"2003","Studio Specials","1460"
"2003","Suspense","108"
"2003","Tools & Accessories","1"
"2003","Unscripted","2"
"2003","Walt Disney Studios Home Entertainment","57"
"2003","Western","5"
"2003","Widescreen","13"
"2003","Women","1"
"2003","Yoga","26"
"2003","Young Adult Audience","4"
"2004","3-6 Years","5"
"2004","4-for-3 DVD","8"
"2004","A&E Home Video","68"
"2004","Accessories","1"
"2004","Action","124"
"2004","Adventure","57"
"2004","African American Cinema","1"
"2004","and Culture","21"
"2004","Animation","44"
"2004","Anime","4"
"2004","Art House & International","186"
"2004","Arthouse","57"
"2004","Arts","21"
"2004","BBC","31"
"2004","Birth-2 Years","4"
"2004","CBS News Network","2"
"2004","Characters & Series","19"
"2004","Christian Video","11"
"2004","Classical","77"
"2004","Classics","54"
"2004","Comedy","190"
"2004","Criterion Collection","25"
"2004","Cult Movies","44"
"2004","Digital VHS","1"
"2004","Disney Home Video","41"
"2004","Documentary","54"
"2004","Docurama","9"
"2004","Drama","248"
"2004","Drawing & Art Supplies","1"
"2004","Entertainment","21"
"2004","Faith and Spirituality","2"
"2004","Fantasy","20"
"2004","Fitness","1"
"2004","Fully Loaded DVDs","148"
"2004","Genre for Featured Categories","5249"
"2004","HBO","56"
"2004","Historical","2"
"2004","History Channel","1"
"2004","Horror","84"
"2004","Independently Distributed","1264"
"2004","Indie & Alternative","109"
"2004","Indie & Art House","4"
"2004","International","36"
"2004","Jane Austen on DVD Store","1"
"2004","Jewish Heritage","13"
"2004","John Wayne Store","10"
"2004","Kids","50"
"2004","LGBTQ","21"
"2004","Made-for-TV Movies","15"
"2004","MGM Home Entertainment","180"
"2004","Military and War","9"
"2004","Movies","20"
"2004","Musicals & Performing Arts","494"
"2004","None","3"
"2004","Office & School Supplies","6"
"2004","Painting","1"
"2004","Paramount Home Entertainment","141"
"2004","Romance","23"
"2004","Science Fiction","31"
"2004","Science Fiction & Fantasy","823"
"2004","Shakespeare on DVD Store","16"
"2004","Showtime","3"
"2004","Spanish Language","9"
"2004","Sports","5"
"2004","Studio Specials","1466"
"2004","Suspense","117"
"2004","The Comedy Central Store","2"
"2004","Unscripted","1"
"2004","Walt Disney Studios Home Entertainment","69"
"2004","Western","3"
"2004","Widescreen","27"
"2004","Yoga","26"
"2004","Young Adult Audience","5"
"2005","3-6 Years","1"
"2005","4-for-3 DVD","11"
"2005","A&E Home Video","177"
"2005","Action","146"
"2005","Adventure","46"
"2005","and Culture","23"
"2005","Animation","29"
"2005","Anime","8"
"2005","Art House & International","28"
"2005","Arthouse","69"
"2005","Arts","23"
"2005","BBC","39"
"2005","Birth-2 Years","1"
"2005","CBS News Network","1"
"2005","Characters & Series","13"
"2005","Christian Video","4"
"2005","Classical","121"
"2005","Classics","21"
"2005","Comedy","233"
"2005","Criterion Collection","37"
"2005","Cult Movies","43"
"2005","Discovery Channel","2"
"2005","Disney Home Video","13"
"2005","Documentary","64"
"2005","Docurama","25"
"2005","Drama","343"
"2005","Educational","1"
"2005","Entertainment","23"
"2005","Fantasy","10"
"2005","Fully Loaded DVDs","176"
"2005","Genre for Featured Categories","4734"
"2005","HBO","70"
"2005","Historical","5"
"2005","History Channel","1"
"2005","Horror","114"
"2005","Independently Distributed","1467"
"2005","Indie & Alternative","131"
"2005","Indie & Art House","4"
"2005","International","33"
"2005","Jane Austen on DVD Store","1"
"2005","Jewish Heritage","15"
"2005","John Wayne Store","4"
"2005","Kids","63"
"2005","Knitting & Crochet","1"
"2005","Legacy Systems","21"
"2005","LGBTQ","29"
"2005","Made-for-TV Movies","27"
"2005","Makeup","1"
"2005","MGM Home Entertainment","200"
"2005","Military and War","8"
"2005","Movies","19"
"2005","Musicals & Performing Arts","586"
"2005","Needlework","1"
"2005","Novelty & More","1"
"2005","Office & School Supplies","2"
"2005","Outdoor D鑼卌or","1"
"2005","Paramount Home Entertainment","141"
"2005","Power & Hand Tools","1"
"2005","Romance","17"
"2005","Science Fiction","49"
"2005","Science Fiction & Fantasy","584"
"2005","Shakespeare on DVD Store","18"
"2005","Spanish Language","4"
"2005","Sports","5"
"2005","Sports & Fitness","1"
"2005","Studio Specials","1387"
"2005","Suspense","133"
"2005","Terminator","1"
"2005","Unscripted","3"
"2005","Walt Disney Studios Home Entertainment","57"
"2005","Western","3"
"2005","Widescreen","2"
"2005","Yoga","8"
"2005","Young Adult Audience","8"
"2006","3-6 Years","8"
"2006","4-for-3 DVD","15"
"2006","7-9 Years","2"
"2006","A&E Home Video","129"
"2006","Action","180"
"2006","Adventure","73"
"2006","and Culture","64"
"2006","Animation","75"
"2006","Anime","17"
"2006","Arthouse","88"
"2006","Arts","64"
"2006","BBC","53"
"2006","Birth-2 Years","1"
"2006","Blu-ray","100"
"2006","Cartoon Network","1"
"2006","CBS News Network","2"
"2006","Characters & Series","25"
"2006","Classical","137"
"2006","Classics","19"
"2006","Comedy","332"
"2006","Crafting","1"
"2006","Criterion Collection","24"
"2006","Cult Movies","25"
"2006","Discovery Channel","1"
"2006","Documentary","78"
"2006","Docurama","22"
"2006","Drama","463"
"2006","Educational","4"
"2006","Entertainment","64"
"2006","Faith and Spirituality","1"
"2006","Fantasy","30"
"2006","Fish & Aquatic Pets","1"
"2006","Fully Loaded DVDs","161"
"2006","FX","1"
"2006","Genre for Featured Categories","4593"
"2006","HBO","60"
"2006","High-Definition DVDs","2"
"2006","Historical","11"
"2006","Horror","215"
"2006","Independently Distributed","1238"
"2006","Indie & Alternative","110"
"2006","Indie & Art House","10"
"2006","International","86"
"2006","Jane Austen on DVD Store","2"
"2006","Jewish Heritage","5"
"2006","John Wayne Store","5"
"2006","Kids","88"
"2006","Legacy Systems","5"
"2006","LGBTQ","42"
"2006","Made-for-TV Movies","12"
"2006","Makeup","1"
"2006","MGM Home Entertainment","68"
"2006","Military and War","14"
"2006","MOD CreateSpace Video","16"
"2006","Movies","26"
"2006","Musicals & Performing Arts","504"
"2006","None","1"
"2006","Office & School Supplies","3"
"2006","Paramount Home Entertainment","104"
"2006","Romance","17"
"2006","Sci-Fi Series & Sequels","1"
"2006","Science Fiction","50"
"2006","Science Fiction & Fantasy","536"
"2006","Sewing","1"
"2006","Shakespeare on DVD Store","19"
"2006","Showtime","2"
"2006","Sports","5"
"2006","Studio Recording Equipment","1"
"2006","Studio Specials","1086"
"2006","Suspense","241"
"2006","Talk Show and Variety","2"
"2006","The Comedy Central Store","3"
"2006","Unscripted","8"
"2006","Walt Disney Studios Home Entertainment","69"
"2006","Western","16"
"2006","Women","1"
"2006","Young Adult Audience","23"
"2007","3-6 Years","14"
"2007","A&E Home Video","79"
"2007","ABC News","3"
"2007","Action","328"
"2007","Adventure","111"
"2007","and Culture","70"
"2007","Animation","87"
"2007","Anime","20"
"2007","Arthouse","114"
"2007","Arts","70"
"2007","BBC","50"
"2007","Birth-2 Years","2"
"2007","Blu-ray","232"
"2007","British Television","1"
"2007","Building Supplies","1"
"2007","Cartoon Network","2"
"2007","CBS News Network","2"
"2007","Characters & Series","17"
"2007","Classical","134"
"2007","Classics","20"
"2007","Comedy","411"
"2007","Crafting","2"
"2007","Criterion Collection","32"
"2007","Cult Movies","23"
"2007","Discovery Channel","4"
"2007","Documentary","103"
"2007","Docurama","20"
"2007","Drama","648"
"2007","Educational","4"
"2007","Entertainment","70"
"2007","Faith and Spirituality","5"
"2007","Fantasy","51"
"2007","Fitness","2"
"2007","Fragrance","1"
"2007","Fully Loaded DVDs","77"
"2007","FX","1"
"2007","Genre for Featured Categories","5048"
"2007","HBO","33"
"2007","Historical","14"
"2007","Horror","284"
"2007","Independently Distributed","1038"
"2007","Indie & Alternative","70"
"2007","Indie & Art House","5"
"2007","International","132"
"2007","James Bond","14"
"2007","Jewish Heritage","2"
"2007","John Wayne Store","40"
"2007","Kids","100"
"2007","Legacy Systems","2"
"2007","LGBTQ","45"
"2007","Made-for-TV Movies","9"
"2007","MGM Home Entertainment","93"
"2007","Military and War","19"
"2007","Miniseries","1"
"2007","Movies","20"
"2007","Musicals & Performing Arts","400"
"2007","NCAA on Demand","2"
"2007","None","2"
"2007","Office & School Supplies","3"
"2007","Outdoor Power Tools","1"
"2007","Paramount Home Entertainment","102"
"2007","Power & Hand Tools","1"
"2007","Replacement Parts","1"
"2007","Romance","35"
"2007","Sci-Fi Series & Sequels","1"
"2007","Science Fiction","105"
"2007","Science Fiction & Fantasy","494"
"2007","Shakespeare on DVD Store","19"
"2007","Showtime","3"
"2007","Sports","7"
"2007","Studio Specials","1039"
"2007","Suspense","356"
"2007","The Comedy Central Store","4"
"2007","Travel Channel","1"
"2007","Universal Media Discs","1"
"2007","Unscripted","17"
"2007","Walt Disney Studios Home Entertainment","19"
"2007","Welding & Soldering","1"
"2007","Western","41"
"2007","Yoga","1"
"2007","Young Adult Audience","9"
"2008","3-6 Years","11"
"2008","7-9 Years","1"
"2008","A&E Home Video","122"
"2008","ABC News","1"
"2008","Action","303"
"2008","Adventure","106"
"2008","and Culture","42"
"2008","Animation","77"
"2008","Anime","15"
"2008","Arthouse","145"
"2008","Arts","42"
"2008","BBC","48"
"2008","Birth-2 Years","1"
"2008","Blu-ray","619"
"2008","CBS News Network","3"
"2008","Characters & Series","9"
"2008","Charlie Rose Store","8"
"2008","Classical","130"
"2008","Classics","27"
"2008","Comedy","449"
"2008","Criterion Collection","40"
"2008","Cult Movies","9"
"2008","DC Comics Collection","2"
"2008","Discovery Channel","11"
"2008","Documentary","165"
"2008","Docurama","24"
"2008","Drama","575"
"2008","Educational","5"
"2008","Entertainment","42"
"2008","Fantasy","46"
"2008","Fitness","6"
"2008","Foot","1"
"2008","Fully Loaded DVDs","92"
"2008","Genre for Featured Categories","4373"
"2008","Hand & Nail Care","1"
"2008","Hardware","1"
"2008","HBO","34"
"2008","Historical","4"
"2008","Horror","274"
"2008","Independently Distributed","914"
"2008","Indie & Alternative","52"
"2008","Indie & Art House","1"
"2008","International","90"
"2008","James Bond","9"
"2008","John Wayne Store","3"
"2008","Kids","113"
"2008","Knitting & Crochet","2"
"2008","Legacy Systems","1"
"2008","LGBTQ","39"
"2008","Made-for-TV Movies","5"
"2008","MGM Home Entertainment","58"
"2008","Military and War","16"
"2008","Mini-DVD","1"
"2008","Miniseries","1"
"2008","MOD CreateSpace Video","112"
"2008","Movies","18"
"2008","Musicals & Performing Arts","337"
"2008","NCAA on Demand","1"
"2008","Needlework","2"
"2008","None","2"
"2008","Office & School Supplies","4"
"2008","Paramount Home Entertainment","113"
"2008","Romance","36"
"2008","Safety & Security","1"
"2008","Sci-Fi Series & Sequels","1"
"2008","Science Fiction","96"
"2008","Science Fiction & Fantasy","484"
"2008","Sewing","2"
"2008","Shakespeare on DVD Store","12"
"2008","Showtime","2"
"2008","Sports","6"
"2008","Studio Specials","917"
"2008","Suspense","314"
"2008","Talk Show and Variety","3"
"2008","Terminator","1"
"2008","The Comedy Central Store","5"
"2008","Unscripted","16"
"2008","Walt Disney Studios Home Entertainment","33"
"2008","Western","51"
"2008","Young Adult Audience","25"
"2009","3-6 Years","10"
"2009","A&E Home Video","81"
"2009","ABC News","2"
"2009","Action","375"
"2009","Adventure","138"
"2009","African American Cinema","2"
"2009","and Culture","46"
"2009","Animation","75"
"2009","Anime","10"
"2009","Arthouse","168"
"2009","Arts","46"
"2009","BBC","36"
"2009","Blu-ray","977"
"2009","Boys","1"
"2009","Building Supplies","1"
"2009","Cartoon Network","1"
"2009","CBS News Network","2"
"2009","Characters & Series","18"
"2009","Charlie Rose Store","13"
"2009","Classical","69"
"2009","Classics","31"
"2009","Comedy","553"
"2009","Crafting","1"
"2009","Criterion Collection","36"
"2009","Cult Movies","22"
"2009","Discovery Channel","4"
"2009","Documentary","164"
"2009","Docurama","7"
"2009","Dogs","1"
"2009","Drama","731"
"2009","Drawing & Art Supplies","2"
"2009","Educational","9"
"2009","Entertainment","46"
"2009","Faith and Spirituality","4"
"2009","Fantasy","46"
"2009","Fitness","1"
"2009","Fully Loaded DVDs","69"
"2009","Genre for Featured Categories","4421"
"2009","HBO","61"
"2009","HDNet","1"
"2009","Historical","8"
"2009","Horror","308"
"2009","Independently Distributed","847"
"2009","Indie & Alternative","26"
"2009","Indie & Art House","1"
"2009","International","84"
"2009","James Bond","1"
"2009","John Wayne Store","1"
"2009","Kids","125"
"2009","Knitting & Crochet","1"
"2009","LGBTQ","48"
"2009","Made-for-TV Movies","6"
"2009","MGM Home Entertainment","62"
"2009","Military and War","16"
"2009","MOD CreateSpace Video","198"
"2009","Movies","26"
"2009","Musicals & Performing Arts","415"
"2009","Novelty & More","1"
"2009","Office & School Supplies","1"
"2009","Paint","1"
"2009","Painting","2"
"2009","Paramount Home Entertainment","96"
"2009","PC","1"
"2009","Romance","25"
"2009","Sci-Fi Series & Sequels","4"
"2009","Science Fiction","187"
"2009","Science Fiction & Fantasy","417"
"2009","Shakespeare on DVD Store","8"
"2009","Showtime","1"
"2009","Sports","8"
"2009","Studio Specials","1047"
"2009","Suspense","326"
"2009","The Comedy Central Store","6"
"2009","Unscripted","28"
"2009","Wall Treatments & Supplies","1"
"2009","Walt Disney Studios Home Entertainment","51"
"2009","Western","33"
"2009","Young Adult Audience","41"
"2010","10-12 Years","1"
"2010","3-6 Years","4"
"2010","A&E Home Video","83"
"2010","ABC News","51"
"2010","Action","392"
"2010","Adhesives","1"
"2010","Adventure","107"
"2010","and Culture","59"
"2010","Animation","96"
"2010","Anime","5"
"2010","Arthouse","179"
"2010","Arts","59"
"2010","BBC","26"
"2010","Blu-ray","1323"
"2010","CBS News Network","2"
"2010","Characters & Series","9"
"2010","Charlie Rose Store","27"
"2010","Christian Movies & TV","1"
"2010","Classical","2"
"2010","Classics","42"
"2010","Comedy","552"
"2010","Crafting","1"
"2010","Criterion Collection","74"
"2010","Cult Movies","6"
"2010","DC Comics Collection","1"
"2010","Discovery Channel","17"
"2010","Documentary","200"
"2010","Docurama","1"
"2010","Drama","816"
"2010","Drawing & Art Supplies","1"
"2010","Educational","14"
"2010","Entertainment","59"
"2010","Faith and Spirituality","6"
"2010","Fantasy","48"
"2010","Fitness","1"
"2010","Fully Loaded DVDs","70"
"2010","FX","1"
"2010","Gardening & Lawn Care","1"
"2010","Genre for Featured Categories","5094"
"2010","HBO","35"
"2010","HDNet","1"
"2010","High-Definition DVDs","1"
"2010","Historical","13"
"2010","Horror","312"
"2010","Independently Distributed","880"
"2010","Indie & Alternative","1"
"2010","Indie & Art House","2"
"2010","International","125"
"2010","James Bond","1"
"2010","John Wayne Store","6"
"2010","Kids","181"
"2010","LGBTQ","63"
"2010","Made-for-TV Movies","7"
"2010","MGM Home Entertainment","105"
"2010","Military and War","22"
"2010","MOD CreateSpace Video","425"
"2010","Movies","26"
"2010","Musicals & Performing Arts","484"
"2010","NCAA on Demand","38"
"2010","Office & School Supplies","2"
"2010","Olympics","1"
"2010","Painting","1"
"2010","Paramount Home Entertainment","50"
"2010","Romance","54"
"2010","Sci-Fi Series & Sequels","1"
"2010","Science Fiction","155"
"2010","Science Fiction & Fantasy","328"
"2010","Scrapbooking & Stamping","2"
"2010","Sealants & Lubricants","1"
"2010","Shakespeare on DVD Store","14"
"2010","Showtime","1"
"2010","Sports","8"
"2010","Studio Specials","681"
"2010","Suspense","353"
"2010","The Twilight Zone","1"
"2010","Unscripted","22"
"2010","Walt Disney Studios Home Entertainment","27"
"2010","Western","21"
"2010","Young Adult Audience","33"
"2011","3-6 Years","4"
"2011","7-9 Years","1"
"2011","A&E Home Video","34"
"2011","ABC News","3"
"2011","Action","403"
"2011","Adventure","151"
"2011","and Culture","81"
"2011","Animation","69"
"2011","Anime","19"
"2011","Arthouse","85"
"2011","Arts","81"
"2011","BBC","49"
"2011","Blu-ray","1728"
"2011","CBS News Network","1"
"2011","Characters & Series","13"
"2011","Charlie Rose Store","6"
"2011","Classical","2"
"2011","Classics","77"
"2011","Comedy","558"
"2011","Crafting","1"
"2011","Criterion Collection","40"
"2011","Cult Movies","4"
"2011","DC Comics Collection","1"
"2011","Discovery Channel","2"
"2011","Documentary","240"
"2011","Docurama","1"
"2011","Drama","827"
"2011","Educational","1"
"2011","Entertainment","81"
"2011","Erotic","1"
"2011","Erotic""","1"
"2011","Faith and Spirituality","5"
"2011","Fantasy","32"
"2011","Fitness","5"
"2011","Fully Loaded DVDs","42"
"2011","Genre for Featured Categories","3616"
"2011","HBO","26"
"2011","Historical","15"
"2011","History Channel","1"
"2011","Horror","366"
"2011","Independently Distributed","686"
"2011","Indie & Alternative","9"
"2011","International","88"
"2011","Jane Austen on DVD Store","2"
"2011","John Wayne Store","5"
"2011","Kids","135"
"2011","LGBTQ","71"
"2011","MGM Home Entertainment","231"
"2011","Military and War","21"
"2011","MOD CreateSpace Video","166"
"2011","Movies","25"
"2011","Musicals & Performing Arts","381"
"2011","None","1"
"2011","Office & School Supplies","8"
"2011","Paint","1"
"2011","Paramount Home Entertainment","65"
"2011","Power & Hand Tools","2"
"2011","Romance","29"
"2011","Safety & Security","1"
"2011","Sci-Fi Series & Sequels","2"
"2011","Science Fiction","132"
"2011","Science Fiction & Fantasy","238"
"2011","Shakespeare on DVD Store","15"
"2011","Showtime","1"
"2011","Sports","13"
"2011","Studio Specials","822"
"2011","Suspense","323"
"2011","Universal Media Discs","1"
"2011","Unscripted","16"
"2011","Wall Treatments & Supplies","1"
"2011","Walt Disney Studios Home Entertainment","30"
"2011","Western","24"
"2011","Young Adult Audience","39"
"2012","4-for-3 DVD","1"
"2012","A&E Home Video","11"
"2012","ABC News","1"
"2012","Action","233"
"2012","Adventure","77"
"2012","and Culture","50"
"2012","Animation","57"
"2012","Anime","21"
"2012","Arthouse","76"
"2012","Arts","50"
"2012","BBC","34"
"2012","Blu-ray","1491"
"2012","Cartoon Network","2"
"2012","Characters & Series","7"
"2012","Charlie Rose Store","3"
"2012","Classical","30"
"2012","Classics","48"
"2012","Comedy","419"
"2012","Criterion Collection","35"
"2012","Cult Movies","5"
"2012","Discovery Channel","2"
"2012","Documentary","174"
"2012","Drama","558"
"2012","Educational","1"
"2012","Entertainment","50"
"2012","Fantasy","27"
"2012","Fitness","4"
"2012","Foot","1"
"2012","Fully Loaded DVDs","34"
"2012","Genre for Featured Categories","2311"
"2012","Hand & Nail Care","1"
"2012","HBO","41"
"2012","Historical","20"
"2012","Horror","204"
"2012","Independently Distributed","554"
"2012","Indie & Alternative","4"
"2012","International","46"
"2012","James Bond","1"
"2012","John Wayne Store","2"
"2012","Kids","97"
"2012","LGBTQ","17"
"2012","Made-for-TV Movies","1"
"2012","Men","1"
"2012","MGM Home Entertainment","25"
"2012","Military and War","2"
"2012","MOD CreateSpace Video","74"
"2012","Movies","17"
"2012","Musicals & Performing Arts","200"
"2012","None","1"
"2012","Office & School Supplies","1"
"2012","Pantry Staples","1"
"2012","Paramount Home Entertainment","33"
"2012","Power & Hand Tools","2"
"2012","Romance","21"
"2012","Science Fiction","96"
"2012","Science Fiction & Fantasy","216"
"2012","Shakespeare on DVD Store","6"
"2012","Sports","5"
"2012","Studio Specials","586"
"2012","Suspense","246"
"2012","Talk Show and Variety","1"
"2012","Unscripted","45"
"2012","Walt Disney Studios Home Entertainment","25"
"2012","Western","17"
"2012","Young Adult Audience","13"
"2013","A&E Home Video","9"
"2013","Action","15"
"2013","Adventure","7"
"2013","Animation","5"
"2013","Arthouse","1"
"2013","Blu-ray","54"
"2013","Characters & Series","1"
"2013","Comedy","27"
"2013","Criterion Collection","1"
"2013","Documentary","3"
"2013","Docurama","8"
"2013","Drama","59"
"2013","Faith and Spirituality","2"
"2013","Fantasy","1"
"2013","Genre for Featured Categories","185"
"2013","HBO","12"
"2013","Horror","22"
"2013","Independently Distributed","57"
"2013","Kids","6"
"2013","MGM Home Entertainment","4"
"2013","Military and War","3"
"2013","Movies","1"
"2013","Musicals & Performing Arts","2"
"2013","None","2"
"2013","Romance","2"
"2013","Science Fiction","19"
"2013","Science Fiction & Fantasy","7"
"2013","Studio Specials","22"
"2013","Suspense","22"
"2013","Young Adult Audience","1"
"2014","3-6 Years","2"
"2014","Action","5"
"2014","Adventure","1"
"2014","and Culture","3"
"2014","Anime","2"
"2014","Arthouse","3"
"2014","Arts","3"
"2014","Blu-ray","7"
"2014","Classics","1"
"2014","Comedy","5"
"2014","Documentary","4"
"2014","Drama","13"
"2014","Entertainment","3"
"2014","Genre for Featured Categories","71"
"2014","HBO","13"
"2014","Historical","1"
"2014","Horror","2"
"2014","Independently Distributed","14"
"2014","International","1"
"2014","Kids","1"
"2014","LGBTQ","2"
"2014","MGM Home Entertainment","1"
"2014","Musicals & Performing Arts","2"
"2014","Paramount Home Entertainment","1"
"2014","Science Fiction","1"
"2014","Science Fiction & Fantasy","14"
"2014","Studio Specials","18"
"2014","Suspense","5"
"2015","Action","4"
"2015","Arthouse","4"
"2015","Blu-ray","9"
"2015","Classics","4"
"2015","Comedy","5"
"2015","Cult Movies","1"
"2015","Documentary","4"
"2015","Drama","15"
"2015","Fitness","2"
"2015","Genre for Featured Categories","127"
"2015","HBO","3"
"2015","Horror","4"
"2015","Independently Distributed","155"
"2015","International","6"
"2015","Movies","4"
"2015","Musicals & Performing Arts","12"
"2015","Science Fiction","3"
"2015","Science Fiction & Fantasy","10"
"2015","Shakespeare on DVD Store","1"
"2015","Studio Specials","13"
"2015","Suspense","3"
"2016","Action","57"
"2016","Adventure","47"
"2016","and Culture","12"
"2016","Animation","71"
"2016","Arthouse","2"
"2016","Arts","12"
"2016","BBC","1"
"2016","Blu-ray","62"
"2016","Classical","1"
"2016","Comedy","73"
"2016","Cult Movies","4"
"2016","Documentary","4"
"2016","Drama","45"
"2016","Entertainment","12"
"2016","Fantasy","26"
"2016","Fully Loaded DVDs","13"
"2016","Genre for Featured Categories","253"
"2016","Horror","24"
"2016","Independently Distributed","44"
"2016","Kids","76"
"2016","Military and War","2"
"2016","Movies","2"
"2016","Musicals & Performing Arts","9"
"2016","Romance","6"
"2016","Science Fiction","12"
"2016","Science Fiction & Fantasy","19"
"2016","Shakespeare on DVD Store","3"
"2016","Sports","4"
"2016","Studio Specials","153"
"2016","Suspense","56"
"2017","Action","6"
"2017","Animation","1"
"2017","Arthouse","2"
"2017","Blu-ray","6"
"2017","Comedy","3"
"2017","Cult Movies","1"
"2017","Documentary","2"
"2017","Drama","7"
"2017","Fully Loaded DVDs","1"
"2017","Genre for Featured Categories","40"
"2017","Horror","12"
"2017","Independently Distributed","4"
"2017","Indie & Alternative","2"
"2017","Kids","2"
"2017","LGBTQ","2"
"2017","Musicals & Performing Arts","1"
"2017","Science Fiction & Fantasy","4"
"2017","Studio Specials","3"
"2017","Suspense","17"
"2018","3-6 Years","3"
"2018","Action","4"
"2018","Adventure","6"
"2018","Animation","2"
"2018","Blu-ray","14"
"2018","Classics","1"
"2018","Comedy","7"
"2018","Documentary","5"
"2018","Drama","3"
"2018","Fully Loaded DVDs","5"
"2018","Genre for Featured Categories","86"
"2018","Horror","5"
"2018","Independently Distributed","9"
"2018","MOD CreateSpace Video","4"
"2018","Movies","1"
"2018","Musicals & Performing Arts","4"
"2018","Science Fiction","5"
"2018","Science Fiction & Fantasy","20"
"2018","Sports","1"
"2018","Studio Specials","16"
"2018","Suspense","9"
"2018","Young Adult Audience","2"
"2019","Action","4"
"2019","Adventure","2"
"2019","and Culture","2"
"2019","Animation","2"
"2019","Arthouse","2"
"2019","Arts","2"
"2019","Blu-ray","2"
"2019","Comedy","12"
"2019","Cult Movies","1"
"2019","Drama","9"
"2019","Entertainment","2"
"2019","Fully Loaded DVDs","4"
"2019","Genre for Featured Categories","152"
"2019","Horror","11"
"2019","Independently Distributed","16"
"2019","Indie & Alternative","1"
"2019","John Wayne Store","1"
"2019","Kids","4"
"2019","MOD CreateSpace Video","10"
"2019","Musicals & Performing Arts","3"
"2019","Romance","1"
"2019","Science Fiction & Fantasy","9"
"2019","Shakespeare on DVD Store","1"
"2019","Showtime","1"
"2019","Studio Specials","1"
"2019","Suspense","4"
"2019","Western","2"
"2020","A&E Home Video","4"
"2020","Action","3"
"2020","Adventure","3"
"2020","and Culture","4"
"2020","Animation","9"
"2020","Art House & International","1"
"2020","Arthouse","2"
"2020","Arts","4"
"2020","BBC","1"
"2020","Blu-ray","33"
"2020","Comedy","12"
"2020","Drama","16"
"2020","Educational","2"
"2020","Entertainment","4"
"2020","Faith and Spirituality","2"
"2020","Fantasy","4"
"2020","Fully Loaded DVDs","5"
"2020","Genre for Featured Categories","183"
"2020","Horror","5"
"2020","Independently Distributed","45"
"2020","Indie & Alternative","1"
"2020","Indie & Art House","1"
"2020","Jewish Heritage","1"
"2020","John Wayne Store","1"
"2020","Kids","10"
"2020","MGM Home Entertainment","3"
"2020","MOD CreateSpace Video","31"
"2020","Musicals & Performing Arts","7"
"2020","Romance","2"
"2020","Science Fiction","4"
"2020","Science Fiction & Fantasy","7"
"2020","Shakespeare on DVD Store","1"
"2020","Sports","2"
"2020","Studio Specials","4"
"2020","Suspense","6"
"2023","Comedy","2"
